# Geodesic distances between Norwegian cities. City names can be found in 'city-names.csv'
0.00 274.07 320.66 218.06 292.08 130.20 1277.64 281.48 723.42 1207.78 471.97 182.87 165.13 153.61 634.33 1122.89 915.55 1179.00 1016.47 226.12 186.81 94.80 684.64 1449.49 1625.26 484.04 312.15 1606.24 55.68 1522.33 1333.82 557.75 289.34 197.04
274.07 0.00 65.38 281.94 252.48 268.62 1097.54 232.38 529.68 1022.66 213.00 202.85 228.81 269.64 458.09 929.24 738.43 1003.16 830.66 150.08 189.42 237.21 500.46 1289.69 1491.09 238.77 226.61 1478.29 287.76 1356.76 1155.57 372.71 66.64 250.42
320.66 65.38 0.00 283.45 230.94 290.49 1032.42 211.90 464.65 957.43 153.38 267.82 242.16 286.19 394.64 863.89 673.79 938.26 765.53 215.17 254.51 267.80 436.08 1225.34 1428.34 174.89 195.84 1416.09 341.58 1292.06 1090.47 309.19 120.89 255.47
218.06 281.94 283.45 0.00 101.95 89.07 1083.27 104.81 550.97 1016.79 394.87 341.58 66.91 65.24 456.37 937.95 725.79 983.79 829.04 345.30 337.00 126.42 508.20 1245.26 1413.02 385.45 143.33 1392.79 272.68 1319.73 1138.01 392.61 337.38 33.29
292.08 252.48 230.94 101.95 0.00 176.72 989.89 20.13 450.17 921.87 312.56 372.04 127.70 155.37 356.19 840.79 629.94 890.72 732.52 356.86 364.04 197.76 407.93 1157.91 1333.88 296.05 46.43 1315.49 342.06 1231.20 1045.38 290.72 317.02 101.96
130.20 268.62 290.49 89.07 176.72 0.00 1166.23 171.50 624.46 1098.52 424.89 274.42 56.36 23.83 531.56 1017.40 806.65 1066.96 909.23 292.06 272.50 47.24 583.09 1331.52 1501.47 424.80 207.90 1481.49 185.54 1405.52 1221.51 461.75 311.07 74.90
1277.64 1097.54 1032.42 1083.27 989.89 1166.23 0.00 997.68 567.93 77.90 909.35 1296.51 1116.84 1144.05 647.10 178.31 362.90 99.62 266.90 1247.57 1283.89 1185.64 599.85 218.19 463.32 869.62 965.52 471.64 1322.42 267.84 58.30 729.71 1147.56 1091.34
281.48 232.38 211.90 104.81 20.13 171.50 997.68 0.00 453.06 928.94 298.94 354.32 119.30 151.57 360.08 846.58 636.74 898.72 738.82 337.69 346.04 188.13 411.59 1168.02 1346.33 284.76 38.60 1328.40 330.06 1240.88 1053.49 291.33 296.88 98.26
723.42 529.68 464.65 550.97 450.17 624.46 567.93 453.06 0.00 493.53 350.53 728.85 570.69 604.54 95.67 402.54 210.81 473.69 301.13 679.74 716.13 635.74 45.02 762.60 974.73 307.32 416.80 966.34 764.05 827.93 625.91 165.85 581.02 551.06
1207.78 1022.66 957.43 1016.79 921.87 1098.52 77.90 928.94 493.53 0.00 832.67 1222.37 1048.23 1076.65 575.12 100.52 292.28 54.90 192.66 1172.59 1209.65 1116.51 526.88 294.02 536.23 793.36 895.99 542.00 1251.67 345.73 135.72 656.68 1071.86 1023.64
471.97 213.00 153.38 394.87 312.56 424.89 909.35 298.94 350.53 832.67 0.00 413.17 371.00 415.45 303.34 735.83 560.64 819.00 644.01 353.53 399.42 410.49 332.54 1110.78 1325.25 46.47 266.79 1316.50 494.86 1173.73 967.65 225.33 246.12 373.91
182.87 202.85 267.82 341.58 372.04 274.42 1296.51 354.32 728.85 1222.37 413.17 0.00 274.81 291.43 652.19 1130.11 935.44 1201.02 1029.92 67.25 13.87 227.19 697.22 1484.65 1679.36 441.45 368.99 1664.53 153.94 1553.25 1354.32 567.77 173.09 310.24
165.13 228.81 242.16 66.91 127.70 56.36 1116.84 119.30 570.69 1048.23 371.00 274.81 0.00 44.64 478.59 965.74 756.04 1017.80 858.09 279.17 270.10 70.37 529.88 1285.59 1460.14 369.34 153.95 1441.16 216.90 1358.90 1172.54 407.08 278.92 35.93
153.61 269.64 286.19 65.24 155.37 23.83 1144.05 151.57 604.54 1076.65 415.45 291.43 44.64 0.00 511.15 996.11 784.95 1044.71 887.73 304.89 288.67 66.14 562.79 1308.48 1477.83 413.00 188.85 1457.78 208.75 1382.60 1199.18 442.72 316.14 53.53
634.33 458.09 394.64 456.37 356.19 531.56 647.10 360.08 95.67 575.12 303.34 652.19 478.59 511.15 0.00 488.57 284.35 550.10 382.87 607.43 640.00 544.91 51.85 832.58 1033.91 257.12 324.72 1022.32 676.94 901.13 704.34 85.45 514.42 457.61
1122.89 929.24 863.89 937.95 840.79 1017.40 178.31 846.58 402.54 100.52 735.83 1130.11 965.74 996.11 488.57 0.00 213.82 113.15 109.92 1078.85 1117.20 1032.99 438.70 393.92 633.82 697.48 812.39 637.58 1165.20 446.11 235.65 567.64 976.83 942.75
915.55 738.43 673.79 725.79 629.94 806.65 362.90 636.74 210.81 292.28 560.64 935.44 756.04 784.95 284.35 213.82 0.00 265.80 103.93 888.44 923.02 824.23 238.27 551.98 765.63 517.97 603.71 758.80 959.76 618.33 420.00 367.75 791.22 731.81
1179.00 1003.16 938.26 983.79 890.72 1066.96 99.62 898.72 473.69 54.90 819.00 1201.02 1017.80 1044.71 550.10 113.15 265.80 0.00 175.18 1153.24 1188.53 1086.75 503.81 293.67 526.17 778.15 866.85 527.66 1224.19 354.79 154.83 633.48 1054.54 992.07
1016.47 830.66 765.53 829.04 732.52 909.23 266.90 738.82 301.13 192.66 644.01 1029.92 858.09 887.73 382.87 109.92 103.93 175.18 0.00 980.68 1017.24 925.82 334.27 468.39 694.98 603.50 705.17 692.73 1059.74 529.73 325.00 464.04 880.82 834.47
226.12 150.08 215.17 345.30 356.86 292.06 1247.57 337.69 679.74 1172.59 353.53 67.25 279.17 304.89 607.43 1078.85 888.44 1153.24 980.68 0.00 54.22 246.43 650.38 1439.51 1639.29 384.84 345.62 1625.81 209.21 1506.78 1305.61 522.19 108.90 312.33
186.81 189.42 254.51 337.00 364.04 272.50 1283.89 346.04 716.13 1209.65 399.42 13.87 270.10 288.67 640.00 1117.20 923.02 1188.53 1017.24 54.22 0.00 225.37 684.77 1472.53 1667.96 427.91 359.63 1653.33 161.47 1540.96 1341.73 555.43 159.26 305.23
94.80 237.21 267.80 126.42 197.76 47.24 1185.64 188.13 635.74 1116.51 410.49 227.19 70.37 66.14 544.91 1032.99 824.23 1086.75 925.82 246.43 225.37 0.00 595.81 1355.62 1530.48 415.47 220.66 1511.44 147.48 1428.75 1241.54 470.88 273.32 102.70
684.64 500.46 436.08 508.20 407.93 583.09 599.85 411.59 45.02 526.88 332.54 697.22 529.88 562.79 51.85 438.70 238.27 503.81 334.27 650.38 684.77 595.81 0.00 789.27 995.56 287.50 375.94 985.44 726.51 856.49 657.43 129.87 554.47 509.26
1449.49 1289.69 1225.34 1245.26 1157.91 1331.52 218.19 1168.02 762.60 294.02 1110.78 1484.65 1285.59 1308.48 832.58 393.92 551.98 293.67 468.39 1439.51 1472.53 1355.62 789.27 0.00 248.04 1069.08 1138.82 262.14 1497.25 79.03 167.24 917.49 1343.17 1257.27
1625.26 1491.09 1428.34 1413.02 1333.88 1501.47 463.32 1346.33 974.73 536.23 1325.25 1679.36 1460.14 1477.83 1033.91 633.82 765.63 526.17 694.98 1639.29 1667.96 1530.48 995.56 248.04 0.00 1281.61 1320.89 42.74 1675.94 235.35 414.99 1119.30 1548.33 1429.15
484.04 238.77 174.89 385.45 296.05 424.80 869.62 284.76 307.32 793.36 46.47 441.45 369.34 413.00 257.12 697.48 517.97 778.15 603.50 384.84 427.91 415.47 287.50 1069.08 1281.61 0.00 249.63 1272.36 511.41 1132.93 927.90 178.90 279.95 367.76
312.15 226.61 195.84 143.33 46.43 207.90 965.52 38.60 416.80 895.99 266.79 368.99 153.95 188.85 324.72 812.39 603.71 866.85 705.17 345.62 359.63 220.66 375.94 1138.82 1320.89 249.63 0.00 1303.83 358.47 1211.02 1021.68 253.94 292.87 135.97
1606.24 1478.29 1416.09 1392.79 1315.49 1481.49 471.64 1328.40 966.34 542.00 1316.50 1664.53 1441.16 1457.78 1022.32 637.58 758.80 527.66 692.73 1625.81 1653.33 1511.44 985.44 262.14 42.74 1272.36 1303.83 0.00 1657.44 261.24 426.59 1107.53 1536.44 1409.70
55.68 287.76 341.58 272.68 342.06 185.54 1322.42 330.06 764.05 1251.67 494.86 153.94 216.90 208.75 676.94 1165.20 959.76 1224.19 1059.74 209.21 161.47 147.48 726.51 1497.25 1675.94 511.41 358.47 1657.44 0.00 1569.48 1378.98 598.21 290.25 250.18
1522.33 1356.76 1292.06 1319.73 1231.20 1405.52 267.84 1240.88 827.93 345.73 1173.73 1553.25 1358.90 1382.60 901.13 446.11 618.33 354.79 529.73 1506.78 1540.96 1428.75 856.49 79.03 235.35 1132.93 1211.02 261.24 1569.48 0.00 210.78 985.54 1408.95 1331.08
1333.82 1155.57 1090.47 1138.01 1045.38 1221.51 58.30 1053.49 625.91 135.72 967.65 1354.32 1172.54 1199.18 704.34 235.65 420.00 154.83 325.00 1305.61 1341.73 1241.54 657.43 167.24 414.99 927.90 1021.68 426.59 1378.98 210.78 0.00 787.25 1205.76 1146.64
557.75 372.71 309.19 392.61 290.72 461.75 729.71 291.33 165.85 656.68 225.33 567.77 407.08 442.72 85.45 567.64 367.75 633.48 464.04 522.19 555.43 470.88 129.87 917.49 1119.30 178.90 253.94 1107.53 598.21 985.54 787.25 0.00 429.04 389.57
289.34 66.64 120.89 337.38 317.02 311.07 1147.56 296.88 581.02 1071.86 246.12 173.09 278.92 316.14 514.42 976.83 791.22 1054.54 880.82 108.90 159.26 273.32 554.47 1343.17 1548.33 279.95 292.87 1536.44 290.25 1408.95 1205.76 429.04 0.00 304.74
197.04 250.42 255.47 33.29 101.96 74.90 1091.34 98.26 551.06 1023.64 373.91 310.24 35.93 53.53 457.61 942.75 731.81 992.07 834.47 312.33 305.23 102.70 509.26 1257.27 1429.15 367.76 135.97 1409.70 250.18 1331.08 1146.64 389.57 304.74 0.00
